AA: 0.422833
AD: 0.845666
AE: 1.691332
AF: 0.422833
AI: 0.422833
AK: 0.422833
AL: 0.422833
AM: 0.845666
AN: 0.422833
AP: 0.422833
AQ: 0.422833
AT: 0.845666
AV: 0.845666
Ae: 0.422833
CD: 1.268499
CG: 0.845666
CK: 0.422833
CP: 0.422833
DC: 0.422833
DD: 0.422833
DE: 0.845666
DF: 0.422833
DH: 0.422833
DI: 0.845666
DK: 1.268499
DP: 0.845666
DR: 0.422833
DS: 0.422833
DV: 0.845666
EA: 1.691332
ED: 0.845666
EE: 0.845666
EF: 0.422833
EG: 0.845666
EI: 1.268499
EK: 1.691332
EL: 0.845666
EQ: 0.845666
ER: 0.422833
ES: 0.845666
EV: 0.422833
Ek: 0.422833
FE: 1.268499
FG: 0.845666
FH: 0.422833
FL: 0.422833
FT: 0.422833
Fr: 0.422833
GA: 0.845666
GD: 0.422833
GE: 0.845666
GG: 0.422833
GK: 0.845666
GL: 0.422833
GP: 0.422833
GY: 0.422833
HF: 0.422833
HI: 0.422833
HN: 0.422833
HQ: 0.422833
IA: 0.422833
IC: 0.422833
IE: 1.268499
IF: 0.422833
IG: 0.422833
IK: 0.422833
IR: 0.422833
IV: 0.422833
KE: 0.845666
KG: 0.845666
KI: 0.422833
KK: 1.691332
KL: 1.691332
KM: 1.268499
KP: 0.422833
KR: 1.268499
KS: 0.845666
KV: 0.422833
KY: 0.422833
LA: 1.268499
LC: 0.845666
LE: 0.845666
LH: 0.845666
LK: 0.845666
LM: 0.845666
LN: 0.422833
LP: 0.422833
LQ: 0.422833
LR: 0.422833
LS: 0.422833
MA: 0.422833
MD: 0.422833
ME: 0.422833
MI: 0.422833
ML: 0.422833
MP: 0.422833
MQ: 0.422833
MR: 0.422833
MV: 0.422833
NA: 0.422833
ND: 1.268499
NK: 0.845666
NT: 0.422833
PA: 0.845666
PC: 0.422833
PG: 0.422833
PN: 0.422833
PR: 0.422833
PV: 0.422833
PY: 0.422833
QK: 0.422833
QL: 0.845666
QQ: 0.845666
QR: 0.422833
QV: 0.422833
Qg: 0.422833
RA: 0.634249
RE: 1.268499
RF: 0.422833
RI: 0.422833
RK: 0.422833
RL: 0.845666
RR: 0.422833
RV: 0.845666
SA: 0.845666
SD: 0.422833
SE: 0.845666
SF: 0.422833
SM: 0.422833
SR: 0.422833
SS: 0.422833
TD: 0.422833
TK: 0.422833
TL: 0.422833
TN: 0.422833
VA: 0.845666
VC: 0.845666
VD: 0.422833
VF: 0.422833
VK: 0.422833
VM: 0.422833
VN: 0.845666
VR: 0.422833
VS: 0.422833
VV: 0.422833
YL: 1.268499
ee: 0.845666
eg: 0.845666
es: 0.845666
gE: 0.422833
ge: 0.422833
gp: 0.422833
kD: 0.422833
ke: 0.422833
pS: 0.422833
rF: 0.422833
se: 0.422833
sk: 0.422833
