AA: 0.752941
AD: 0.235294
AE: 0.847059
AF: 0.423529
AG: 0.235294
AI: 0.376471
AK: 0.705882
AL: 1.270588
AM: 0.376471
AN: 0.423529
AP: 0.141176
AQ: 0.705882
AR: 0.564706
AS: 0.141176
AT: 0.141176
AV: 0.141176
AW: 0.282353
An: 0.094118
CA: 0.047059
CG: 0.470588
CS: 0.470588
DA: 0.376471
DD: 0.329412
DE: 1.647059
DF: 0.329412
DG: 0.188235
DI: 0.094118
DK: 0.611765
DL: 0.564706
DM: 0.141176
DN: 0.423529
DP: 0.376471
DQ: 0.094118
DR: 1.411765
DS: 0.235294
DV: 0.941176
Ds: 0.047059
EA: 1.223529
ED: 0.188235
EE: 0.564706
EF: 0.141176
EG: 0.141176
EH: 0.047059
EI: 0.611765
EK: 0.282353
EL: 2.258824
EM: 0.141176
EN: 0.141176
EP: 0.094118
EQ: 1.741176
ER: 1.458824
ES: 0.611765
ET: 1.035294
EV: 0.941176
EW: 0.047059
Ee: 0.235294
Ek: 0.141176
En: 0.047059
Es: 0.047059
Ev: 0.047059
FD: 0.188235
FE: 0.564706
FH: 0.141176
FL: 0.988235
FN: 0.282353
FQ: 0.047059
FR: 0.141176
FS: 0.141176
FV: 0.141176
FY: 0.094118
GA: 0.141176
GC: 0.470588
GD: 0.470588
GE: 0.800000
GF: 0.141176
GI: 0.047059
GK: 0.517647
GL: 0.470588
GN: 0.094118
GP: 0.141176
GR: 0.376471
GS: 0.047059
GT: 0.423529
GW: 0.047059
GY: 0.188235
HE: 0.047059
HL: 0.235294
HS: 0.047059
IA: 0.470588
ID: 0.564706
IE: 0.470588
II: 0.094118
IK: 0.282353
IL: 0.376471
IP: 0.470588
IQ: 0.141176
IS: 0.141176
IT: 0.141176
IY: 0.047059
KA: 1.788235
KD: 0.564706
KE: 1.364706
KF: 0.141176
KG: 0.564706
KI: 0.047059
KK: 0.705882
KM: 0.141176
KN: 0.047059
KQ: 0.517647
KR: 0.094118
KS: 0.517647
KT: 0.094118
KV: 0.047059
KY: 0.376471
Kf: 0.047059
LA: 0.282353
LC: 0.470588
LD: 0.141176
LE: 0.470588
LG: 0.564706
LH: 0.141176
LI: 0.141176
LK: 1.270588
LL: 1.035294
LM: 0.988235
LN: 0.141176
LP: 0.517647
LQ: 1.929412
LR: 0.376471
LS: 0.094118
LT: 0.188235
LV: 0.941176
MA: 0.094118
MD: 0.705882
ME: 0.047059
MG: 0.611765
MK: 0.094118
ML: 0.141176
MM: 0.141176
MN: 0.094118
MP: 0.376471
MQ: 0.329412
MR: 0.517647
MT: 0.188235
MV: 0.047059
MY: 0.047059
NA: 0.423529
ND: 0.235294
NE: 0.470588
NF: 0.047059
NK: 0.282353
NL: 0.094118
NN: 0.141176
NQ: 0.094118
NS: 0.094118
Ne: 0.047059
Nr: 0.047059
Ny: 0.094118
PA: 0.282353
PD: 0.376471
PE: 0.517647
PI: 0.141176
PK: 0.235294
PL: 0.235294
PP: 0.611765
PQ: 0.329412
PS: 0.470588
PT: 0.094118
PV: 0.235294
PY: 0.470588
Pq: 0.376471
Pr: 0.047059
QA: 0.705882
QD: 0.658824
QE: 0.611765
QF: 0.141176
QG: 0.376471
QI: 0.800000
QK: 0.141176
QL: 0.705882
QM: 0.329412
QN: 0.141176
QP: 0.329412
QQ: 0.047059
QR: 0.235294
QS: 0.800000
QT: 0.329412
QV: 0.235294
QW: 0.376471
QY: 0.376471
Qg: 0.047059
Ql: 0.047059
RA: 0.282353
RD: 0.752941
RE: 0.988235
RF: 0.235294
RG: 0.188235
RI: 0.705882
RK: 0.235294
RL: 0.282353
RM: 0.094118
RN: 0.047059
RP: 0.047059
RQ: 0.282353
RR: 0.658824
RS: 0.376471
RT: 0.094118
RV: 0.282353
RY: 0.658824
SA: 0.188235
SD: 0.235294
SE: 1.176471
SF: 0.235294
SG: 0.705882
SI: 0.188235
SL: 0.329412
SM: 0.376471
SN: 0.047059
SP: 0.517647
SQ: 0.141176
SR: 0.141176
SS: 0.329412
ST: 0.282353
SV: 0.141176
Sh: 0.047059
TA: 0.329412
TD: 0.282353
TE: 0.094118
TF: 0.094118
TK: 0.800000
TL: 0.188235
TM: 0.470588
TP: 0.141176
TQ: 0.658824
TR: 0.047059
TS: 0.047059
VA: 0.188235
VC: 0.047059
VD: 1.317647
VE: 0.235294
VK: 0.282353
VL: 0.329412
VM: 0.047059
VN: 0.047059
VP: 0.658824
VQ: 0.329412
VR: 0.141176
VS: 0.235294
VT: 0.094118
VV: 0.094118
VW: 0.047059
VY: 0.235294
Vh: 0.047059
WD: 0.235294
WE: 0.235294
WK: 0.282353
WS: 0.047059
YA: 0.047059
YD: 0.047059
YE: 1.035294
YF: 0.235294
YG: 0.329412
YK: 0.188235
YL: 0.094118
YQ: 0.047059
YR: 0.047059
YS: 0.235294
YV: 0.188235
dd: 0.047059
dg: 0.235294
dk: 0.047059
dr: 0.047059
eK: 0.047059
ed: 0.047059
eg: 0.188235
ek: 0.235294
er: 0.188235
fg: 0.047059
fl: 0.047059
gF: 0.564706
ge: 0.047059
gf: 0.047059
hT: 0.047059
hg: 0.047059
kA: 0.188235
kD: 0.235294
lK: 0.047059
ld: 0.047059
le: 0.188235
lq: 0.141176
mL: 0.047059
nL: 0.047059
nM: 0.094118
qM: 0.047059
ql: 0.329412
qr: 0.141176
rd: 0.235294
re: 0.188235
rv: 0.047059
sm: 0.047059
sv: 0.047059
vA: 0.047059
vD: 0.047059
vK: 0.047059
yg: 0.094118
